GN83_?	11406082	101	1152014282	3.09681258602	2.85871377419	0.923114878536	1	../../input/fastq/Bam/RIL83_0_ATTCCT_FC0813L1.recal.bam
GN85_?	12612208	101	1273833008	3.42428227957	2.7434931371	0.801187785676	1	../../input/fastq/Bam/RIL85_0_GTTTCG_FC1213L5.recal.bam
GN92_?	13667374	101	1380404774	3.71076552151	3.56077291935	0.959579067639	1	../../input/fastq/Bam/RIL92_0_GTGGCC_FC205L2.recal.bam
GN100_?	7549350	101	762484350	2.0496891129	1.89836016129	0.926169802698	2	../../input/fastq/Bam/RIL100_0_TGACCA_FC0813L3.recal.bam
GN108_?	16289884	101	1645278284	4.42279108602	2.2481891371	0.508319089319	1	../../input/fastq/Bam/RIL108_0_AGTCAA_FC1213L5.recal.bam
GN112_?	14453942	101	1459848142	3.92432296237	3.70209771237	0.943372333997	1	../../input/fastq/Bam/RIL112_0_ATCACG_FC197L2.recal.bam
GN114_?	12194672	101	1231661872	3.31091901075	3.0212434086	0.912509003932	1	../../input/fastq/Bam/RIL114_0_CCGTCC_FC0813L1.recal.bam
GN131_?	9114284	101	920542684	2.47457710753	2.25328230645	0.910572679105	1	../../input/fastq/Bam/RIL131_0_ACTGAT_FC205L2.recal.bam
GN133_?	15127948	101	1527922748	4.10731921505	3.96513157796	0.965381887881	1	../../input/fastq/Bam/RIL133_0_ATTCCT_FC0813L7.recal.bam
GN145_?	20379456	101	2058325056	5.53313187097	1.82229630108	0.329342647812	1	../../input/fastq/Bam/RIL145_0_AGTTCC_FC1213L5.recal.bam
GN147_?	10158936	101	1026052536	2.75820574194	2.64528013978	0.959058310831	1	../../input/fastq/Bam/RIL147_0_ATGTCA_FC1213L5.recal.bam
GN148_?	9098124	101	918910524	2.47018958065	2.38997766129	0.967528031053	1	../../input/fastq/Bam/RIL148_0_CCGTCC_FC1213L3.recal.bam
GN153_?	14542784	101	1468821184	3.94844404301	3.0033411586	0.7606391596	1	../../input/fastq/Bam/RIL153_0_TAGCTT_FC1213L3.recal.bam
GN164_?	41756030	101	4217359030	11.3369866398	3.19954506183	0.282221825207	1	../../input/fastq/Bam/RIL164_0_AGTCAA_FC1213L3.recal.bam
GN179_?	14077350	101	1421812350	3.82207620968	3.75383984946	0.982146781887	1	../../input/fastq/Bam/RIL179_0_TAGCTT_FC197L7.recal.bam
GN186_?	18390550	101	1857445550	4.99313319892	3.7097954328	0.742979464997	1	../../input/fastq/Bam/RIL186_0_TTAGGC_FC1213L6.recal.bam
GN192_?	16185910	101	1634776910	4.39456158602	2.5611227043	0.582793676723	1	../../input/fastq/Bam/RIL192_0_ATCACG_FC1213L6.recal.bam
GN196_?	16697714	101	1686469114	4.53351912366	2.78268928226	0.613803362544	1	../../input/fastq/Bam/RIL196_0_CTTGTA_FC1213L6.recal.bam
GN201_?	16102642	101	1626366842	4.37195387634	2.77380969892	0.63445538937	1	../../input/fastq/Bam/RIL201_0_CAGATC_FC1213L7.recal.bam
GN212_?	16375440	101	1653919440	4.44602	3.05571997581	0.687293349064	1	../../input/fastq/Bam/RIL212_0_GCCAAT_FC1213L7.recal.bam
GN236_?	17099256	101	1727024856	4.64253993548	3.57386545161	0.769808230253	1	../../input/fastq/Bam/RIL236_0_CAGATC_FC1213L8.recal.bam
GN238_?	11939562	101	1205895762	3.24165527419	1.83214651613	0.565188572244	1	../../input/fastq/Bam/RIL238_0_GATCAG_FC1213L1.recal.bam
GN244_?	12907134	101	1303620534	3.50435627419	2.03514294086	0.58074658557	1	../../input/fastq/Bam/RIL244_0_GTGAAA_FC1213L1.recal.bam
GN253_?	25903414	101	2616244814	7.03291616667	3.49251483871	0.496595545282	2	../../input/fastq/Bam/RIL253_0_GTCCGC_FC1213L1.recal.bam
GN258_?	16653680	101	1682021680	4.52156365591	3.26262987903	0.721571148239	1	../../input/fastq/Bam/RIL258_0_ATTCCT_FC1213L1.recal.bam
GN261_?	14181768	101	1432358568	3.85042625806	2.35340371505	0.611206021703	1	../../input/fastq/Bam/RIL261_0_GAGTGG_FC1213L1.recal.bam
