Heading Days,Plant Height (cm) in Field,Biomass,Number of Tillers,Single Plant (Grain Yield) (g),Non-ref mPing,Unique mPing,Ping,Cold_ratio_index,CV(cold_ratio_index),Rank Cold Ratio Index,Days to Heading_TX,Height_TX,Height Single Plants,Grain yield per tiller,Harvest Index
Heading Days, ,0.445221855745,0.921567082687,0.000467526859753,0.31748777823,0.185533758061,0.290096818008,0.388929821099,0.58804530172,0.117685965492,0.00170548937508,8.9941661518e-107,0.49281917081,0.207742529902,0.144489582619,0.642269814153
Plant Height (cm) in Field,0.046220984353, ,6.57353051849e-15,0.519640783098,8.88285359366e-08,0.238541726041,0.426341874869,0.286431279426,0.351069792999,0.987914229988,0.554827031434,0.319819053939,1.48856210605e-40,4.72702112572e-148,1.18191110119e-06,0.214362357678
Biomass,-0.00596447294009,0.446928214434, ,5.85378749834e-37,6.72447986818e-49,0.400414789689,0.812741762909,0.111941151067,0.741950523725,0.178836315895,0.0850710749753,0.654940919111,1.71428840555e-06,1.80126132568e-16,1.1287526935e-07,0.246115943936
Number of Tillers,-0.209586382858,0.0389914209096,0.668378525142, ,9.75925003186e-09,0.109934295513,0.0761079535067,0.310767711766,0.553451788349,0.509183576969,0.683074614758,0.00743570372677,0.678763704082,0.667926779136,1.003518311e-06,0.0902947924733
Single Plant (Grain Yield) (g),-0.0605005264938,0.315663679323,0.739815409964,0.337181158649, ,0.560966913055,0.842145134156,0.267902503587,0.542840973749,0.49072870498,0.010969098937,0.54832151633,0.00156947879563,1.06615592431e-08,4.02761539705e-59,0.661456817859
Non-ref mPing,0.122196878678,0.108873393702,-0.0777875875197,0.147287514631,-0.0538268917601, ,6.67464332434e-21,0.0504407112958,0.2863116588,0.896884004452,0.659844153144,0.281579289825,0.575271409237,0.165513973875,0.0851494203651,0.399964047748
Unique mPing,0.0977778599219,0.0735982290361,-0.0219447326614,0.16322807131,-0.0184492675981,0.727946636695, ,0.00773547132225,0.255624230218,0.227142881312,0.958389890721,0.474568677838,0.706661593131,0.381665408142,0.167479620194,0.342941967232
Ping,-0.0612481613221,-0.0757428136293,-0.112744657489,-0.072031572126,-0.0787125303982,0.181296315228,0.245095626075, ,0.296776176017,0.56371827225,0.539393729057,0.471460427109,0.850562097456,0.256268060007,0.520119964025,0.0649953979014
Cold_ratio_index,0.0331716352999,-0.0570759476888,-0.020167910277,-0.0362882793368,0.0372629106772,0.0993974855212,0.105938053539,0.0745178651051, ,1.79841269054e-12,8.68768064119e-79,0.373640140053,0.130143028134,0.467140463803,0.438563957445,0.350915199159
CV(cold_ratio_index),-0.0956195281627,0.000927901314758,-0.0822102896131,-0.0404193591719,-0.0421960137333,0.0121109883456,-0.11250972685,0.0412727074655,-0.412439064273, ,1.33144303202e-13,0.218045430453,0.949340709815,0.756143366525,0.763211734517,0.867001108426
Rank Cold Ratio Index,0.190414270875,0.0361626317551,0.105190053579,-0.0250052833988,0.154875334312,-0.0411140948183,-0.00487582823525,0.0438726689235,0.85683861237,-0.431129008423, ,0.00041063433731,0.780567810366,0.390198629346,0.00757082586432,0.589208420074
Days to Heading_TX,0.911219150665,0.0603208869337,0.0271177540632,-0.161380266716,-0.0364185316155,0.0995132552547,0.0661765414758,-0.0512066517209,0.0545601165402,-0.0754860686704,0.214310477688, ,0.427017059926,0.18297698315,0.165002962042,0.476402032226
Height_TX,-0.0416048741298,0.693108896688,0.284352464711,-0.0251306986926,0.190118614697,0.0518760407178,0.0348567830228,-0.013405409316,-0.0926881676042,0.00389921196487,-0.0170955952038,-0.0481781876475, ,1.11178666875e-40,0.00122458936593,0.889902826528
Height Single Plants,0.0763450332209,0.956878288238,0.470108569791,0.02603115555,0.336933164598,0.127951769528,0.0809182066687,-0.080649402177,-0.0446034936404,-0.0190571647902,0.0526973262132,0.0806852403767,0.693908801421, ,5.77599774338e-08,0.206844146011
Grain yield per tiller,0.0883894451086,0.288572769583,0.313771977939,-0.290408228718,0.787533691405,-0.158488874819,-0.127364671877,-0.0457412108287,0.0475128314832,-0.01848758638,0.162806072326,0.0841145796695,0.1943410516,0.320548311554, ,0.641799017836
Harvest Index,-0.0281864182606,0.0752489883693,0.0703028725311,0.10252779279,0.0265714732577,0.0778618090549,0.0876947973073,-0.130740555073,-0.057201483105,-0.0102775612295,-0.0331305439051,-0.0431970106935,0.00840094969996,0.0764957086151,-0.028226290628, 
